18，21，22，23，35
{
    0: [1, 6, 9, 12, 16, 21]
    0: [10,17,18] 中选1
    0: [23,24,30,33] 选1
    1: [2, 4, 8, 11, 15, 20, 22, 25, 26, 27, 28, 29, 34, 35], 
    2: [3, 5, 7, 13, 14, 19, 31, 32]
}
最近六期，平均0中2，2中1，1中2  注意3，推荐 0中3，2中1，1中2

{
    0: [1, 6, 9, 12, 16, 21, 23, 24, 30, 33], 
    1: [2, 4, 8, 10, 15, 17, 18, 20, 22, 25, 26, 27, 28, 29, 34, 35],  选18，17，
    2: [3, 5, 11, 13, 14, 19, 31, 32], 
    3: [7]}
最近7期，平均0中2，1中2，2中1，（注意3，2+3中2，以2为主）   推荐3中1，2中1 0中2，1中1

{
    0: [1, 6, 9, 12, 16, 21, 24], 
    1: [2, 4, 8, 10, 15, 17, 18, 20, 22, 23, 27, 28, 29, 30, 33, 34, 35],
     2: [3, 5, 11, 13, 14, 19, 25, 26, 31, 32], 3: [7]}
最近八期，平均1中2，2中1，(0+3)中2，以0为主导 推荐3中1，0中2，1中2，2中1


17, 18,  23, , 30, 33 不选