0 {'data': [1, 0, 1, 0, 1]}
1 {'data': [2, 0, 0, 1, 0]}
2 {'data': [1, 1, 0, 2, 1]}
3 {'data': [1, 1, 1, 0, 1]}
4 {'data': [1, 1, 0, 1, 0]}
5 {'data': [0, 0, 2, 0, 1]}
6 {'data': [1, 1, 0, 1, 0]}
7 {'data': [2, 1, 2, 0, 1]}
8 {'data': [3, 0, 2, 3, 2]}
9 {'data': [0, 1, 2, 2, 1]}
10 {'data': [1, 1, 2, 0, 1]}
11 {'data': [0, 0, 2, 3, 0]}
12 {'data': [2, 1, 0, 1, 2]}
13 {'data': [1, 1, 4, 2, 2]}
14 {'data': [0, 1, 2, 3, 2]}
15 {'data': [0, 1, 1, 1, 1]}
16 {'data': [1, 0, 2, 2, 1]}
17 {'data': [1, 0, 1, 1, 0]}
18 {'data': [0, 1, 1, 2, 0]}
19 {'data': [0, 1, 1, 3, 1]}
20 {'data': [1, 2, 0, 2, 1]}
21 {'data': [2, 0, 2, 0, 0]}
22 {'data': [0, 2, 0, 2, 0]}
23 {'data': [2, 1, 0, 1, 3]}
24 {'data': [2, 3, 0, 0, 3]}
25 {'data': [1, 2, 2, 0, 0]}
26 {'data': [1, 0, 1, 1, 0]}
27 {'data': [1, 0, 1, 2, 2]}
28 {'data': [2, 0, 2, 1, 2]}
29 {'data': [0, 1, 0, 2, 1]}
30 {'data': [0, 2, 1, 2, 1]}
31 {'data': [0, 1, 0, 1, 0]}
32 {'data': [1, 0, 3, 0, 0]}
33 {'data': [3, 3, 1, 2, 0]}
34 {'data': [2, 2, 1, 0, 3]}
35 {'data': [1, 2, 0, 1, 2]}
36 {'data': [1, 0, 2, 1, 1]}
37 {'data': [0, 2, 1, 0, 4]}
38 {'data': [1, 1, 0, 3, 0]}
39 {'data': [1, 0, 0, 2, 3]}
40 {'data': [1, 2, 0, 2, 2]}
41 {'data': [0, 0, 0, 1, 2]}
42 {'data': [1, 1, 1, 1, 2]}
43 {'data': [2, 0, 1, 2, 0]}
44 {'data': [0, 1, 0, 2, 2]}
45 {'data': [1, 1, 0, 2, 3]}
46 {'data': [0, 1, 1, 2, 2]}
47 {'data': [2, 1, 1, 1, 1]}
48 {'data': [0, 1, 2, 2, 2]}
49 {'data': [1, 1, 0, 0, 0]}
50 {'data': [1, 1, 1, 1, 1]}
51 {'data': [1, 1, 2, 1, 0]}
52 {'data': [0, 1, 1, 0, 0]}
53 {'data': [0, 1, 0, 1, 1]}
54 {'data': [1, 1, 2, 0, 0]}
55 {'data': [0, 0, 1, 1, 0]}
56 {'data': [3, 2, 1, 0, 0]}
57 {'data': [2, 2, 1, 1, 0]}
58 {'data': [1, 2, 2, 0, 2]}
59 {'data': [0, 2, 0, 1, 1]}
60 {'data': [0, 1, 0, 2, 0]}
61 {'data': [3, 2, 1, 0, 1]}
62 {'data': [1, 1, 0, 2, 1]}
63 {'data': [2, 0, 0, 1, 1]}
64 {'data': [1, 1, 1, 0, 0]}
65 {'data': [1, 3, 3, 0, 1]}
66 {'data': [2, 0, 2, 1, 1]}
67 {'data': [0, 1, 1, 2, 2]}
68 {'data': [0, 0, 0, 1, 1]}
69 {'data': [0, 1, 1, 1, 0]}
70 {'data': [3, 0, 1, 0, 2]}
71 {'data': [1, 1, 2, 2, 2]}
72 {'data': [0, 1, 1, 1, 0]}
73 {'data': [0, 0, 2, 1, 1]}
74 {'data': [0, 2, 1, 1, 2]}
75 {'data': [1, 0, 0, 0, 1]}
76 {'data': [1, 0, 2, 0, 1]}
77 {'data': [2, 1, 0, 1, 3]}
78 {'data': [0, 1, 1, 1, 2]}
79 {'data': [2, 1, 1, 1, 2]}
80 {'data': [1, 1, 0, 1, 0]}
81 {'data': [0, 0, 0, 1, 0]}
82 {'data': [1, 1, 0, 1, 2]}
83 {'data': [2, 0, 0, 1, 1]}
84 {'data': [1, 0, 0, 1, 1]}
85 {'data': [1, 2, 2, 0, 3]}
86 {'data': [2, 1, 0, 1, 0]}
87 {'data': [0, 1, 1, 2, 1]}
88 {'data': [0, 0, 2, 0, 0]}
89 {'data': [1, 1, 1, 1, 1]}
90 {'data': [1, 1, 1, 1, 2]}
91 {'data': [0, 0, 3, 1, 0]}
92 {'data': [1, 2, 0, 1, 0]}
93 {'data': [0, 1, 1, 1, 2]}
94 {'data': [0, 2, 1, 1, 2]}
95 {'data': [1, 2, 0, 1, 0]}
96 {'data': [1, 1, 0, 1, 2]}
97 {'data': [0, 0, 0, 1, 0]}
98 {'data': [0, 0, 3, 2, 1]}
99 {'data': [1, 1, 1, 1, 2]}