4 {
    0: [1, 2, 3, 4, 5, 6, 7, 10, 11, 12, 14, 15, 16, 24, 26, 31, 32, 33, 34], 
    2: [8, 13, 18, 29], 
    1: [9, 17, 19, 20, 21, 22, 23, 25, 27, 28, 30, 35]}
5 {
    0: [1, 2, 3, 4, 5, 6, 10, 11, 12, 14, 16, 24, 26, 31, 32, 33, 34], 
    1: [7, 9, 15, 17, 20, 21, 22, 23, 25, 27, 30, 35], 
    3: [8], 
    2: [13, 18, 19, 28, 29]}
6 {
    0: [1, 2, 3, 4, 5, 6, 10, 12, 16, 24, 26, 33, 34], 
    1: [7, 9, 11, 14, 15, 17, 20, 21, 22, 23, 25, 27, 30, 31, 32, 35], 
    3: [8, 29], 
    2: [13, 18, 19, 28]}
7 {
    0: [1, 2, 5, 6, 10, 12, 16, 24, 26, 33, 34], 
    1: [3, 4, 9, 11, 14, 15, 17, 20, 21, 22, 23, 25, 30, 32, 35], 
    2: [7, 13, 18, 19, 27, 28, 31], 
    3: [8, 29]}
8 {
    0: [1, 2, 6, 10, 12, 16, 24, 33, 34], 
    1: [3, 4, 5, 9, 11, 14, 15, 17, 20, 21, 23, 25, 26, 30, 32], 
    2: [7, 13, 18, 22, 27, 28, 31, 35], 
    3: [8, 19, 29]}
9 {
    0: [1, 2, 6, 10, 12, 16, 24, 33, 34], 
    2: [3, 5, 7, 18, 20, 22, 25, 27, 28, 31, 35], 
    1: [4, 9, 11, 14, 15, 17, 21, 23, 26, 30, 32], 
    3: [8, 13, 19, 29]}
10 {
    0: [1, 6, 10, 12, 16, 24, 33], 
    1: [2, 4, 9, 11, 15, 17, 21, 23, 26, 30, 34], 
    2: [3, 5, 7, 14, 18, 20, 22, 25, 27, 28, 31, 32, 35], 
    3: [8, 19, 29], 
    4: [13]}
11 {
    0: [1, 6, 12, 16, 24, 33], 
    1: [2, 4, 9, 10, 15, 21, 23, 26, 30, 34], 
    2: [3, 5, 11, 14, 17, 20, 22, 25, 27, 28, 31, 32, 35], 
    3: [7, 8, 18, 19, 29], 
    4: [13]}
12 {
    0: [1, 6, 12, 16, 24], 
    1: [2, 4, 9, 10, 15, 21, 33, 34], 
    2: [3, 5, 11, 14, 17, 20, 22, 23, 26, 27, 28, 30, 31, 32, 35], 
    3: [7, 8, 18, 19, 25, 29], 
    4: [13]}
13 {
    0: [1, 6, 12, 16, 24], 
    1: [2, 9, 15, 21, 33, 34], 
    2: [3, 4, 5, 10, 11, 14, 17, 20, 22, 26, 27, 28, 32, 35], 
    3: [7, 8, 18, 19, 23, 25, 29, 30, 31], 
    4: [13]}
14 {
    0: [1, 6, 12, 24], 
    2: [2, 3, 4, 5, 10, 14, 17, 20, 22, 26, 27, 28, 32, 35], 
    3: [7, 11, 18, 19, 25, 29, 30, 31], 
    4: [8, 13, 23], 
    1: [9, 15, 16, 21, 33, 34]}
15 {
    0: [1, 6, 12, 24], 
    2: [2, 3, 4, 5, 10, 14, 17, 20, 22, 26, 28, 35], 
    3: [7, 11, 25, 27, 29, 30, 31, 32], 
    4: [8, 18, 19, 23], 
    1: [9, 15, 16, 21, 33, 34], 
    5: [13]}
16 {
    0: [1, 6, 12, 24], 
    2: [2, 3, 4, 5, 10, 14, 17, 20, 22, 35], 
    4: [7, 8, 11, 18, 19], 
    1: [9, 15, 16, 21, 33, 34], 
    5: [13, 23], 
    3: [25, 26, 27, 28, 29, 30, 31, 32]}
17 {
    0: [1, 6, 12, 24], 
    2: [2, 3, 4, 5, 10, 14, 15, 17, 20, 22, 35], 
    4: [7, 8, 11, 18, 27, 28, 30], 
    1: [9, 16, 21, 33, 34], 
    5: [13, 19, 23], 
    3: [25, 26, 29, 31, 32]}
18 {
    0: [1, 6, 12, 24], 
    3: [2, 25, 26, 29, 31, 32], 
    2: [3, 4, 5, 10, 14, 15, 17, 20, 21, 22, 33, 35], 
    5: [7, 13, 19, 23, 27], 
    4: [8, 11, 18, 28, 30], 
    1: [9, 16, 34]}
19 {
    0: [1, 6, 12, 24], 
    1: [9, 16, 34]
    2: [3, 4, 5, 10, 14, 15, 17, 20, 21, 22, 35], 
    3: [2, 25, 29, 32, 33], 
    4: [8, 18, 26, 28, 31], 
    5: [7, 11, 13, 19, 23, 27, 30], 
    }