6 {
    0:4,1:4,2:2,3:1 
    10
    0: [1, 2, 5, 6, 10, 12, 16, 20, 24, 26, 33, 34], 
    1: [3, 4, 9, 11, 13, 14, 15, 17, 19, 21, 22, 23, 25, 30, 32, 35], 
    2: [7, 8, 18, 27, 28, 29, 31]}
7 {
    0:3,1:4,2:2,3:1 
    9

    0: [1, 2, 6, 10, 12, 16, 20, 24, 33, 34], 
    1: [3, 4, 5, 9, 11, 13, 14, 15, 17, 21, 23, 25, 26, 30, 32], 
    2: [7, 8, 18, 19, 22, 27, 28, 29, 31, 35]}


12 {
    0:2,1:3,2:3,3:2,4:1 
    10
    0: [1, 6, 12, 16, 24], 
    1: [2, 9, 15, 20, 21, 33, 34], 
    2: [3, 4, 5, 8, 10, 11, 14, 17, 19, 22, 26, 27, 28, 29, 32, 35], 
    3: [7, 13, 18, 23, 25, 30, 31]}
19 {
    0:1,1:2,2:3,3:3,4:2,5:1,6:1 13
    13
    0: [1, 6, 12, 24], 
    3: [2, 10, 21, 25, 32, 33], 
    2: [3, 4, 5, 14, 15, 17, 20, 22, 29, 35], 
    6: [7], 
    4: [8, 13, 18, 19, 26, 28, 31], 
    1: [9, 16, 34], 
    5: [11, 23, 27, 30]}