1 {
    0: [1, 2, 3, 5, 6, 7, 8, 9, 10, 11, 12, 13, 14, 15, 16, 17, 18, 19, 20, 21, 22, 23, 24, 26, 27, 30, 31, 32, 33, 34], 
    1: [4, 25, 28, 29, 35]}
2 {
    0: [1, 2, 3, 5, 6, 7, 9, 10, 11, 12, 14, 15, 16, 17, 18, 21, 22, 23, 24, 26, 27, 30, 31, 32, 33, 34], 
    1: [4, 8, 13, 19, 20, 25, 28, 35], 
    2: [29]}
3 {
    0: [1, 2, 3, 5, 6, 7, 10, 11, 12, 14, 15, 16, 17, 18, 21, 22, 23, 24, 26, 27, 31, 32, 33, 34], 
    1: [4, 9, 19, 20, 25, 28, 30, 35], 
    2: [8, 13], 
    3: [29]}
4 {
    0: [1, 2, 3, 5, 6, 7, 10, 11, 12, 14, 15, 16, 21, 22, 23, 24, 26, 31, 32, 33, 34], 
    1: [4, 9, 17, 18, 19, 20, 27, 30, 35], 
    2: [8, 13, 25, 28], 
    3: [29]}
5 {
    0: [1, 2, 3, 5, 6, 7, 10, 11, 12, 14, 15, 16, 24, 26, 31, 32, 33, 34], 
    1: [4, 9, 17, 19, 20, 21, 22, 23, 27, 30], 
    2: [8, 13, 18, 25, 28, 35], 
    3: [29]}
6 {
    0: [1, 2, 3, 5, 6, 10, 11, 12, 14, 16, 24, 26, 31, 32, 33, 34], 
    1: [4, 7, 9, 15, 17, 20, 21, 22, 23, 27, 30], 
    3: [8, 28, 29], 
    2: [13, 18, 19, 25, 35]}
7 {
    0: [1, 2, 3, 5, 6, 10, 12, 16, 24, 26, 33, 34], 
    1: [4, 7, 9, 11, 14, 15, 17, 20, 21, 22, 23, 27, 30, 31, 32], 
    3: [8, 28], 
    2: [13, 18, 19, 25, 35], 4: [29]}
8 {
    0: [1, 2, 5, 6, 10, 12, 16, 24, 26, 33, 34], 
    1: [3, 9, 11, 14, 15, 17, 20, 21, 22, 23, 30, 32], 
    2: [4, 7, 13, 18, 19, 25, 27, 31, 35], 
    3: [8, 28], 
    4: [29]}
9 {
    0: [1, 2, 6, 10, 12, 16, 24, 33, 34], 
    1: [3, 5, 9, 11, 14, 15, 17, 20, 21, 23, 26, 30, 32], 
    2: [4, 7, 13, 18, 22, 25, 27, 31], 
    3: [8, 19, 28, 35], 
    4: [29]}
10 {
    0: [1, 2, 6, 10, 12, 16, 24, 33, 34], 
    2: [3, 4, 5, 7, 18, 20, 22, 27, 31], 
    3: [8, 13, 19, 25, 28, 35], 
    1: [9, 11, 14, 15, 17, 21, 23, 26, 30, 32], 
    4: [29]}
11 {
    0: [1, 6, 10, 12, 16, 24, 33], 
    1: [2, 9, 11, 15, 17, 21, 23, 26, 30, 34], 
    2: [3, 4, 5, 7, 14, 18, 20, 22, 27, 31, 32], 
    3: [8, 19, 25, 28, 35], 
    4: [13, 29]}
12 {
    0: [1, 6, 12, 16, 24, 33], 
    1: [2, 9, 10, 15, 21, 23, 26, 30, 34], 
    2: [3, 4, 5, 11, 14, 17, 20, 22, 27, 31, 32], 
    3: [7, 8, 18, 19, 25, 28, 35], 
    4: [13, 29]}
13 {
    0: [1, 6, 12, 16, 24], 
    1: [2, 9, 10, 15, 21, 33, 34], 
    2: [3, 4, 5, 11, 14, 17, 20, 22, 23, 26, 27, 30, 31, 32], 
    3: [7, 8, 18, 19, 28, 35], 
    4: [13, 25, 29]}
14 {
    0: [1, 6, 12, 16, 24], 
    1: [2, 9, 15, 21, 33, 34], 
    2: [3, 5, 10, 11, 14, 17, 20, 22, 26, 27, 32], 
    3: [4, 7, 8, 18, 19, 23, 28, 30, 31, 35], 
    4: [13, 25, 29]}
15 {
    0: [1, 6, 12, 24], 
    2: [2, 3, 5, 10, 14, 17, 20, 22, 26, 27, 32], 
    3: [4, 7, 11, 18, 19, 28, 30, 31, 35], 
    4: [8, 13, 23, 25, 29], 
    1: [9, 15, 16, 21, 33, 34]}
16 {
    0: [1, 6, 12, 24], 
    2: [2, 3, 5, 10, 14, 17, 20, 22, 26], 
    3: [4, 7, 11, 27, 28, 30, 31, 32, 35], 
    4: [8, 18, 19, 23, 25, 29], 
    1: [9, 15, 16, 21, 33, 34], 
    5: [13]}
17 {
    0: [1, 6, 12, 24], 
    2: [2, 3, 5, 10, 14, 17, 20, 22], 
    3: [4, 26, 27, 30, 31, 32, 35], 
    4: [7, 8, 11, 18, 19, 25, 28, 29], 
    1: [9, 15, 16, 21, 33, 34], 
    5: [13, 23]}
18 {
    0: [1, 6, 12, 24], 
    2: [2, 3, 5, 10, 14, 15, 17, 20, 22], 
    3: [4, 26, 31, 32, 35], 
    4: [7, 8, 11, 18, 25, 27, 29, 30], 
    1: [9, 16, 21, 33, 34], 
    5: [13, 19, 23, 28]}
19 {
    0: [1, 6, 12, 24], 
    3: [2, 4, 26, 31, 32, 35], 
    2: [3, 5, 10, 14, 15, 17, 20, 21, 22, 33], 
    5: [7, 13, 19, 23, 27, 28], 
    4: [8, 11, 18, 25, 29, 30], 
    1: [9, 16, 34]}
20 {
    0: [1, 6, 12, 24], 
    3: [2, 4, 32, 33, 35], 
    2: [3, 5, 10, 14, 15, 17, 20, 21, 22],
    5: [7, 11, 13, 19, 23, 27, 28, 30], 
    4: [8, 18, 25, 26, 29, 31], 
    1: [9, 16, 34]}